10	74013040	-16.68987,-49.266739
11	74645170	-16.663069,-49.247549	
13	74110030	-16.679069,-49.268272
14	74210240	-16.70324,-49.276146
15	74115030	-16.683346,-49.265796
19	74110030	-16.679069,-49.268272
22	74013040	-16.68987,-49.266739
25	74013040	-16.68987,-49.266739
39	74075230	-16.675851,-49.27071
53	74125020	-16.678204,-49.27729
67	74075230	-16.675851,-49.27071
72	74013040	-16.68987,-49.266739
73	75064350	-16.292846,-48.968168
90	75701010	-18.168473,-47.949413
94	76300000	-15.286821,-49.629908
108	75780000	-17.778558,-48.159795
116	75503110	-18.41872,-49.21791
118	75800053	-17.879475,-51.723225
140	76100000	-16.434296,-50.389486
144	75388253	-16.748865,-48.51351
148	75265000	-16.748865,-48.51351
152	74175150	-16.708291,-49.262219
157	74013040	-16.68987,-49.266739 
158	74013040	-16.68987,-49.26673
179	74013040	-16.68987,-49.26673
194	74013040	-16.68987,-49.26673
198	74013040	-16.68987,-49.26673
200	74013040	-16.68987,-49.26673
206	74110030	-16.679069,-49.268272
210	74013040	-16.68987,-49.266739
220	75020060	-16.33082,-48.954139
221	75020040	-16.326428,-48.953194
223	75020080	-16.329937,-48.953037
232	74013040	-16.68987,-49.266739
234	74013040	-16.68987,-49.266739
245	74013040	-16.68987,-49.266739
247	74013040	-16.68987,-49.266739
248	74013040	-16.68987,-49.266739
250	76300000	-15.286821,-49.629908
256	76300000	-15.286821,-49.629908
257	76300000	-15.286821,-49.629908
271	75400000	-16.306221,-49.487286
272	75400000	-16.306221,-49.487286
286	76330000	-15.646905,-49.4466
293	75830142	-18.41872,-49.21791
339	74533250	-16.67855,-49.285088
340	74093300	-16.690872,-49.259492
355	74180010	-16.705327,-49.256301
359	75400000	-16.306221,-49.487286
360	76510000	-14.566833,-50.100953
363	74075060	-16.675614,-49.267515
371	74125130	-16.678003,-49.276346
381	76550000	-13.349844,-49.284143
386	74075090	-16.673653,-49.267417
391	75701150	-16.673653,-49.267417
399	76300000	-15.286821,-49.629908
401	74023030	-16.673254,-49.256792
409	76300000	-15.286821,-49.629908
410	75020010	-16.324309,-48.951146
412	76190000	-16.83393,-49.93669
413	74110030	-16.679069,-49.268272
417	75902295	-16.679069,-49.268272
418	76550000	-13.349844,-49.284143
420	74075230	-16.675851,-49.27071
438	76380700	-15.319446,-49.121983
442	74020010	-16.671377,-49.26059
451	74535270	-16.681966,-49.281771
452	76300000	-15.286821,-49.629908
462	74180010	-16.705327,-49.256301
465	74210010	-16.697079,-49.27699
480	74075040	-16.675546,-49.26967
490	75020010	-16.324309,-48.951146
493	74210300	-16.689528,-49.282496
499	74115060	-16.68308,-49.26488
503	75690000	-16.68308,-49.26488
509	75025030	-16.331071,-48.960912
514	74210190	-16.692992,-49.276786
521	74535090	-16.676752,-49.282121
525	74150220	-16.696349,-49.268389
531	75400000	-16.306221,-49.487286
533	75800035	-17.882269,-51.717085
540	74535270	-16.681966,-49.281771
545	74120130	-16.690711,-49.269966
551	74125010	-16.681538,-49.274856
561	75800016	-17.887063,-51.718316
563	74215040	-16.687276,-49.28064			
567	74843010	-16.729183,-49.287153
577	74330670	-16.715879,-49.306999
583	74075040	-16.675546,-49.26967
587	74075100	-16.675072,-49.26243
588	75020010	-16.324309,-48.951146
597	74075150	-16.674383,-49.269853
599	74110020	-16.678481,-49.268562
610	74110030	-16.679069,-49.268272
613	74535270	-16.681966,-49.281771
619	74210040	-16.695756,-49.273846
626	75503130	-18.416231,-49.212754
631	74850410	-16.724775,-49.238461
647	75020420	-16.32795,-48.955248
656	74175100	-16.707089,-49.260621
668	74310100	-16.707089,-49.260621
669	74075080	-16.675083,-49.266204
672	75901050	-17.79294,-50.925195
677	74210020	-17.79294,-50.925195
679	74110120	-16.679943,-49.271349
683	75080730	-16.314729,-48.946815
689	75080720	-16.318786,-48.947602
695	75850000	-17.033368,-51.852273
696	74553450	-16.656917,-49.276222
711	74980000	-16.656917,-49.276222
745	74075040	-16.675546,-49.26967
754	74110020	-16.678481,-49.268562
772	74015135	-16.672393,-49.258806
830	74823470	-16.715046,-49.259596
880	74020170	-16.67345,-49.253478
889	74543400	-16.666766,-49.277965
892	74255060	-16.712588,-49.294917
894	74093210	-16.692984,-49.259021
899	74150040	-16.691614,-49.267807
954	74175150	-16.708291,-49.262219
981	74175070	-16.705111,-49.263226
999	74823470	-16.715046,-49.259596
1001	74093300	-16.690872,-49.259492
1013	74015120	-16.67598,-49.261677
1018	74093300	-16.690872,-49.259492
1043	74120020	-16.686313,-49.265517
1046	74015175	-16.674836,-49.26224
1071	74120020	-16.686313,-49.265517
1083	74525060	-16.667289,-49.290196
1091	74230285	-16.685144,-49.290181
1099	74210045	-16.695882,-49.275266
1120	74115070	-16.683683,-49.266936
1127	74110020	-16.678481,-49.268562
1132	74170140	-16.697607,-49.262582
1183	74075250	-16.676168,-49.271415
1185	74150220	-16.696349,-49.268389
1195	74535090	-16.676752,-49.282121
1234	74043050	-16.674952,-49.262596
1252	74610260	-16.677513,-49.236387
1271	74175100	-16.707089,-49.260621
1294	74175150	-16.708291,-49.262219
1300	74075250	-16.676168,-49.271415
1327	74210098	-16.696805,-49.27448
1343	76190000	-16.83393,-49.93669
1357	74075040	-16.675546,-49.26967
1436	74175080	-16.706635,-49.26236
1448	75020040	-16.326428,-48.953194
1449	75113180	-16.329656,-48.945684
1500	75024080	-16.331522,-48.963483
1521	74210098	-16.696805,-49.27448
1597	76300000	-15.286821,-49.629908
1627	76105000	-16.648197,-50.306909
1629	74230045	-16.71321,-49.269094
1630	73801550	-15.543647,-47.338955
1646	76382235	-15.543647,-47.338955
1675	75400000	-16.306221,-49.487286
1680	75400000	-16.306221,-49.487286
1726	74110030	-16.679069,-49.268272
1834	75200000	-17.237539,-48.279176
1936	74083090	-16.681615,-49.253737
1959	74085380	-16.69507,-49.250386
1990	74083300	-16.686498,-49.252787
2002	74175070	-16.705111,-49.263226
2010	74175090	-16.705055,-49.261619
2017	74013030	-16.674022,-49.259433
2031	74075060	-16.675614,-49.267515
2069	74110020	-16.678481,-49.268562
2073	74510300	-17.237539,-48.279176
2084	75110810	-16.335561,-48.945257
2099	74280010	-16.71621,-49.274163
2148	74520100	-16.669239,-49.288421
2179	75701030	-18.169083,-47.946174
2193	75400000	-16.306221,-49.487286
2202	74535270	-16.681966,-49.281771
2216	76190000	-16.83393,-49.93669
2221	75701480	-16.306221,-49.487286
2333	74075040	-16.675546,-49.26967
2398	74905760	-16.734554,-49.258008
2409	74210098	-16.696805,-49.27448
2426	74175070	-16.705111,-49.263226
2433	75503520	-16.306221,-49.487286
2456	74075030	-16.678001,-49.27084
2457	74020060	-16.67379,-49.258624
2459	75460000	-16.407866,-49.182838
2483	74533250	-16.67855,-49.285088
2514	74230045	-16.71321,-49.269094
2523	75860000	-18.395478,-50.596412
2542	74075040	-16.675546,-49.26967
2549	75113180	-16.329656,-48.945684
2563	74025035	-16.672926,-49.260647
2613	74110030	-16.679069,-49.268272
2619	74175130	-16.700705,-49.262736
2630	74013030	-16.674022,-49.259433
2682	74275070	-16.714279,-49.282957
2684	74110020	-16.678481,-49.268562
2700	74535270	-16.681966,-49.281771
2720	74645170	-16.663069,-49.247549
2742	74150090	-16.6938,-49.267783
2750	74290220	-16.712107,-49.273858
2756	74075090	-16.673653,-49.267417
2762	74080445	-16.687251,-49.257783
2813	74210050	-16.695787,-49.276707
2821	74020170	-16.67345,-49.253478
2827	74840300	-16.739233,-49.275166
2855	74070170	-16.670175,-49.265574
2884	74210190	-16.692992,-49.276786
2928	74150030	-16.692382,-49.270161
2931	74175090	-16.705055,-49.261619
2955	75701903	-16.705055,-49.261619
2969	74210025	-16.68738,-49.282083
2970	76550000	-13.349844,-49.284143
2993	74120110	-16.689406,-49.268047 
3027	74210045	-16.695882,-49.275266
3030	74175020	-16.704553,-49.262284
3039	74115914	-16.704553,-49.262284
3053	72800630	-16.704553,-49.262284
3102	74075040	-16.675546,-49.26967
3109	74080445	-16.687251,-49.257783
3111	74333230	-16.716715,-49.30601
3168	74255060	-16.712588,-49.294917
3179	75400000	-16.306221,-49.487286
3198	74275070	-16.714279,-49.282957
3212	74210098	-16.696805,-49.27448
3279	74210270	-16.695905,-49.275007
3292	74290220	-16.712107,-49.273858
3298	74605090	-16.67483,-49.247402
3310	74043011	-16.674739,-49.25785
3314	74015120	-16.67598,-49.261677
3333	74210098	-16.696805,-49.27448
3335	74093140	-16.693223,-49.256176
3378	76300000	-15.286821,-49.629908
3430	74210045	-16.695882,-49.275266
3432	74210098	-16.696805,-49.27448
3469	74150060	-16.695905,-49.275007
3499	74170110	-16.69454,-49.259951
3525	74230030	-16.713883,-49.266877
3571	75460000	-16.407866,-49.182838
3764	74030040	-16.677067,-49.254552
3811	74075040	-16.675546,-49.26967
3936	74080295	-16.690872,-49.259492
3946	74070100	-16.669972,-49.267977
4051	75400000	-16.306221,-49.487286
4281	76300000	-15.286821,-49.629908
4613	74210050	-16.695787,-49.276707
4771	74175100	-16.707089,-49.260621
4817	74223060	-16.705829,-49.268691
4846	74315040	-16.648595,-49.233602
4918	75780000	-17.778558,-48.159795
5071	76100000	-16.434296,-50.389486
5168	74840350	-16.736847,-49.275853
5316	74180140	-16.699549,-49.257106
5433	74175150	-16.708291,-49.262219
5474	74080420	-16.679591,-49.252561
5506	74180010	-16.705327,-49.256301
5554	74075040	-16.675546,-49.26967
5592	75460000	-16.407866,-49.182838
5625	74125010	-16.681538,-49.274856
5748	74150130	-16.69624,-49.265725
5771	75901060	-17.793995,-50.925022
5829	75503160	-18.422068,-49.224237
5840	74175150	-16.708291,-49.262219
5847	75020010	-16.324309,-48.951146
5862	75955000	-17.114544,-49.977714
5874	75480000	-16.115743,-49.324715
5907	74015175	-16.674836,-49.26224
6004	75080410	-16.3213,-48.946578
6010	75400000	-16.306221,-49.487286
6050	74210050	-16.695787,-49.276707
6054	74150240	-16.696471,-49.267373
6061	75020080	-16.329937,-48.953037
6064	74140020	-16.692382,-49.270161
6065	74275080	-16.715242,-49.282717
6084	74115070	-16.683683,-49.266936
6127	74830130	-16.72103,-49.259235
6177	74150170	-16.697001,-49.273952
6207	74180050	-16.702373,-49.257849
6211	74215025	-16.701412,-49.271787
6228	74083070	-16.684436,-49.252624
6272	74085240	-16.692342,-49.244565 
6275	74255190	-16.7091,-49.288421
6277	74083330	-16.687683,-49.249753
6332	74093210	-16.692984,-49.259021
6365	74180160	-16.699629,-49.257461
6373	74810100	-16.707419,-49.237109
6460	76600000	-15.827243,-50.265662
6510	76190000	-16.83393,-49.93669
6523	72980000	-15.689995,-48.960597
6535	75200000	-17.237539,-48.279176
6547	75650000	-17.717813,-49.122141
6557	73850000	-16.707364,-47.527542
6603	76160000	-16.255421,-50.368831
6629	74530010	-16.678941,-49.285727
6632	74605020	-16.67305,-49.246291
6633	75113180	-16.329656,-48.945684
6634	74150030	-16.692382,-49.270161
6635	74150300	-16.697663,-49.266085
6636	74080400	-16.685741,-49.254683
6643	74980010	-16.824089,-49.245025
6647	74085010	-16.692006,-49.249542
6653	74210098	-16.696805,-49.27448
6674	76550000	-13.349844,-49.284143
6688	76330000	-15.646905,-49.4466
6815	74083060	-16.684646,-49.254549
6832	74075030	-16.678001,-49.27084
6841	75400000	-16.306221,-49.487286
6845	74075150	-16.674383,-49.269853
6878	74915420	-16.73921,-49.271336
6886	75800138	-17.887063,-51.718316
6903	75113185	-16.329576,-48.942198
6915	74043010
6920	74150060
7002	74020030
7046	74075030
7096	74013020
7120	74815541
7149	74110030
7170	74175090
7177	74605090
7275	75901260
7291	74670010
7295	75503165
7342	75906370
7362	75470000
7403	76550000
7404	75920000
7415	74805180
7444	74083090
7453	74150250
7463	75920000
7477	74170110
7489	75503280
7497	75800094
7546	75530292
7582	74093250
7593	74110060
7600	74020030
7609	74150020
7620	74230040
7639	75020370
7663	75701190
7673	74083105
7679	74085380
7683	74055100
7687	75200000
7688	75460000
7691	74535150
7751	75503040
7764	74215240
7773	74075090
7815	74370030
7818	74075090
7820	74140030
7854	76300000
7868	74215110
7874	74115050
7875	74910815
7890	74093210
7899	74115030
7987	74363800
7990	75380000
8025	76200000
8031	74810100
8036	74080295
8042	74210200
8045	74210270
8050	74223040
8053	76380124
8054	75250157
8057	75701030
8059	76380206
8060	76380025
8061	76680000
8063	75020160
8065	74130010
8076	75380000
8079	74230042
8082	76270000
8086	74215022
8094	74210030
8096	75906260
8117	74210098
8135	74840350
8143	74215170
8153	75702130
8160	74080295
8167	74210098
8189	74815541
8190	74150060
8209	74115070
8229	74946550
8233	74115060
8236	74230042
8264	74916200
8265	74075030
8282	74980010
8296	74215010
8301	74020010
8306	74125010
8314	74535270
8335	76630000
8343	74055100
8363	74250010
8391	74210098
8392	74543400
8393	74255220
8404	74150030
8406	74840010
8408	74535170
8414	74823470
8417	74083060
8423	74210030
8425	74150060
8437	74110030
8444	75650000
8455	74115070
8479	74075030
8486	74150060
8491	74055100
8500	75083440
8509	74080170
8515	76630000
8516	75240000
8527	75388304
8541	75020080
8542	74125010
8551	74533250
8563	75400000
8565	74525020
8574	74820300
8575	74915420
8576	75020050
8577	74083385
8579	74150300
8583	75020080
8588	74075030
8589	74110020
8596	74110030
8629	76100000
8652	76380000
8667	74075320
8788	75115100
8798	76200000
8803	75388271
8810	74120080
8824	76300000
8828	75200000
8839	74363310
8848	74605040
8852	75020010
8863	75113080
8864	74230010
8870	74020170
9180	75200000
9181	76330000
9209	74223200
9217	74140050
9229	75380000
9263	74085010
9268	74230100
9299	74120080
9322	74125090
9326	74180170
9340	76680000
9356	75901150
9379	74823460
9392	76450000
9420	74115913
9456	74083090
9461	74080010
9462	74210200
9475	75380000
9478	73900000
9485	74533250
9493	74210050
9496	74465100
9498	74175150
9599	74535270
9601	74075220
9631	73802005
9633	76550000
9661	76230000
9664	76550000
9666	74910520
9667	74080240
9669	74943150
9674	74015175
9686	74175130
9694	74290040
9711	75901160
10043	74275070
10060	74180160
10064	75901260
10072	74605040
10073	75906370
10080	74223230
10085	75860000
10098	75906360
10117	74645070
10148	76400000
10149	76100000
10161	74175020
10177	74210270
10201	74013030
10230	74840300
10279	74125010
10300	74015120
10307	74210010
10333	74015175
10340	74150020
10344	74075030
10350	74215010
10353	74075090
10362	74610260
10376	74823470
10377	74075090
10386	74140020
10387	74230042
10407	74980080
10410	74083330
10418	76550000
10473	76680000
10475	74080445
10478	75380000
10483	75702130
10491	74840160
10493	74080010
10555	75110580
10560	74150170
10615	75650000
10618	74810100
10626	74125090
10627	74180150
10641	74160010
10646	74543290
10676	75901060
10679	74083090
10683	74230035
10684	75025040
10686	76300000
10693	74075250
10695	74210098
10696	74210050
10700	74070030
10703	76100000
10704	74210045
10706	74230042
10708	74110120
10711	74075320
10717	74605080
10731	74150030
10734	75860000
10735	74110120
10739	74083380
10741	74210010
10742	74150110
10745	74075040
10746	75701040
10747	76300000
10749	74115050
10750	74215170
10752	72800630
10754	76590000
10755	74083100
10757	74130010
10768	74280270
10770	74150150
10774	74075230
10777	75503020
10781	74230035
10785	74080170
10802	75703040
10825	74525030
10834	70343020
10836	74840160
10862	75400000
10899	75400000
10912	75701470
10925	75400000
11017	74333230
11089	74275070
11090	74075040
11094	74150060
11103	74223080
11130	75503170
11142	74075220
11160	74210045
11162	76100000
11170	74075150
11181	74075030
11185	74093020
11203	74605040
11229	74125010
11255	74275070
11266	74125010
11267	74093300
11268	74075090
11277	74215050
11298	74150060
11301	75901060
11305	74083100
11339	74210050
11348	74020010
11383	74210050
11404	74180010
11419	74093210
11432	75020010
11454	74150130
11462	76630000
11464	75503010
11470	74250010
11471	74150030
11473	75110580
11488	74210010
11495	74075140
11501	74230042
11503	74535350
11510	74115060
11515	74150130
11517	75380000
11520	74115060
11526	74210098
11527	74210260
11531	74280240
11548	75901060
11569	73840000
11579	74815715
11582	74075230
11586	74150320
11590	76500000
11610	74230035
11611	74115050
11613	76400000
11632	74083300
11637	75024100
11648	75920000
11742	74643035
11798	73900000
11815	74080445
11817	75400543
11822	75640000
11827	74510040
11855	76100000
11899	75113185
11922	75110810
11924	74125010
11931	74150060
11936	74075040
11938	74543400
11939	74230030
11964	74840010
11966	75110810
11975	74075030
11988	74093300
12007	74150220
12032	74223080
12054	74115060
12059	75903460
12065	74180150
12112	74083090
12116	75020010
12154	74125020
12155	75803240
12157	74150330
12163	76300000
12172	74230100
12174	75701220
12178	76330000
12190	72880000
12194	75860000
12212	75388241
12233	74810100
12246	74075070
12249	76300000
12252	75901210
12254	74815715
12260	74013030
12269	76300000
12272	74250100
12274	75020010
12278	74250010
12279	74363310
12282	74015120
12286	74180040
12287	74823470
12302	74223060
12306	74180010
12378	74475115
12408	74916200
12409	76200000
12411	74150240
12412	75804058
12413	74610260
12414	74120130
12416	74180050
12443	74150300
12460	76400000
12473	74223180
12476	76200000
12479	75388692
12494	74075030
12495	74093250
12499	74535270
12502	74075030
12504	75400000
12517	74210045
12525	75690000
12526	74215200
12531	75650000
12535	74543400
12537	74075210
12541	74075210
12549	74535270
12552	76630000
12563	75703140
12564	74170140
12573	75901320
12578	72930000
12579	75701220
12581	74535270
12590	74075250
12597	74535270
12613	74605040
12615	74075150
12625	74110030
12630	74605040
12631	75703010
12639	74255220
12643	74230035
12646	76600000
12648	74840010
12664	74075150
12671	74973753
12674	75690000
12691	74110120
12694	74210045
12697	74175150
12698	74520100
12699	74093300
12710	75523020
12713	74015125
12714	73808294
12721	75523020
12724	76590000
12725	76550000
13733	74815725
13734	74025010
13739	74115050
13770	74110110
13773	74115070
13791	76110000
13800	75080730
13802	74170090
13806	75460000
13809	75080730
13812	75110500
13815	74210045
13819	75400000
13820	74150070
13824	74435090
13826	74075030
13829	75640000
13836	74175020
13840	76100000
13843	74210098
13844	74175150
13850	74175150
13854	74093300
13861	74075260
13862	74375210
13863	74070100
13864	75084665
13870	74435090
13871	74110030
13872	76200000
13873	76270000
13876	75701010
13880	74605090
13881	75660000
13888	74150020
13890	75200000
13893	74175050
13894	74223070
13895	74223060
13896	74083330
13905	74175150
13911	76600000
13922	74110120
13926	74075150
13933	73900000
13934	74110030
13939	75110620
13940	75110500
13941	75110720
13942	75084665
13944	75020040
13945	75503520
13946	76630000
13947	75800021
13948	75110810
13951	74230035
13952	74210045
13957	75690000
13958	74093140
13959	75600000
13960	74210045
13961	74250130
13962	74110020
13967	74250010
13970	74605090
13971	74605090
13973	74605090
13975	74605090
13976	76300000
13977	74605090
13978	74605090
13982	74605090
13983	74605090
13984	74605090
13985	74605090
13987	74605090
13990	74605090
13991	74605090
13993	74175110
13994	75904660
13995	74605090
13997	74605090
13998	76630000
13999	72915135
14000	75083440
14002	74605090
14003	74605090
14004	74605090
14005	75513175
14007	75906260
14020	73900000
14022	75650000
14028	74605090
14029	74605090
14030	74605090
14033	75110810
14034	74605090
14035	74605090
14036	74605090
14037	74605090
14040	74605090
14041	74223080
14043	76100000
14045	74150060
14046	74150060
14047	74175150
14059	74120110
14060	75901253
14061	73801340
14062	74075320
14063	74605090
14064	74605090
14065	74605090
14066	74973340
14067	76100000
14068	74973340
14070	74973340
14071	75570000
14074	74110030
14075	74110030
14076	74110060
14077	74510010
14080	74150060
14082	74080295
14083	72870405
14084	76300000
14085	74885370
14087	74230010
14088	74215170
14090	74055100
14091	74210030
14092	74605090
14096	74690821
14099	74670040
14100	74605090
14104	75400459
14108	75650000
14109	74180010
14110	75570000
14111	75570000
14112	74180010
14113	75701150
14115	76200000
14116	74843200
14117	74075040
14118	74210010
14119	74843200
14120	74815725
14121	75402580
14123	75388439
14124	74510040
14125	74510040
14126	74510040
14127	76400000
14128	74510040
14129	74510040
14130	74510040
14131	74510040
14132	74510040
14133	74510040
14134	74510040
14135	74510040
14136	74510040
14137	74510040
14138	74510040
14139	74510040
14140	74510040
14141	74510040
14142	74510040
14143	74510040
14144	74510040
14145	74510040
14146	74510040
14147	74510040
14148	74510040
14149	74510040
14150	74510040
14151	74510040
14152	74510040
14154	74510040
14155	74510040
14156	74025040
14157	74075150
14158	76310000
14159	74025040
14160	74510040
14161	74510040
14163	74510040
14164	74510040
14165	74510040
14166	74510040
14167	74510040
14168	74510040
14169	74510040
14170	74510040
14171	74510040
14172	74510040
14173	74510040
14174	76310000
14175	76310000
14176	76300000
14177	76310000
14178	74510040
14179	74510040
