18	74075040	-16.675546,-49.26967 	
59	74110090	-16.683343,-49.267042 
164	74000000	-16.648896,-49.156595
1566	75112150	-18.416825,-49.220824
1693	75700000	-18.416825,-49.220824
3719	74255220	-16.708762,-49.287628
4625	74110030	-16.679069,-49.268272
5861	74600000	-16.66931,-49.259592
6259	74010010	-16.66931,-49.259592
7300	75503210	-18.416825,-49.220824
7305	75503160	-18.422068,-49.224237 
8308	74900000	-16.66931,-49.259592
8843	74086100	-16.66931,-49.259592
9671	75799000	-16.648896,-49.156595
